0.471847   6.2418
1.03953   6.2418
1.67306   6.2418
2.29221   6.2418
3.00824   6.2418
3.54097   6.2418
4.11847   6.2418
4.74101   6.2418
5.41091   6.2418
6.1284   6.2418
6.89157   6.2418
7.69729   6.2418
8.54227   6.2418
9.42254   6.2418
10.3306   6.2418
11.2587   6.2418
12.2027   6.2418
13.1594   6.2418
14.1263   6.2418
15.1014   6.2418
16.0828   6.2418
17.0688   6.2418
18.0575   6.2418
19.047   6.2418
20.0367   6.2418
21.0267   6.2418
22.017   6.2418
23.0078   6.2418
23.999   6.2418
24.9909   6.2418
25.9838   6.2418
26.9782   6.2418
27.9749   6.2418
28.9754   6.2418
29.4774   6.2418
29.9802   6.2418
30.483   6.2418
30.9856   6.2418
31.488   6.2418
31.9899   6.2418
32.4915   6.2418
32.9928   6.2418
33.4938   6.2418
33.9945   6.2418
34.4952   6.2418
34.9959   6.2418
35.4968   6.2418
35.9977   6.2418
36.4987   6.2418
36.9997   6.2418
37.5007   6.2418
38.0017   6.2418
38.5026   6.2418
39.0035   6.2418
39.5044   6.2418
40.0053   6.2418
40.5062   6.2418
41.0071   6.2418
41.508   6.2418
42.0089   6.2418
42.5098   6.2418
43.0107   6.2418
43.5117   6.2418
44.0126   6.2418
44.5135   6.2418
45.0144   6.2418
45.5153   6.2418
46.0162   6.2418
46.5171   6.2418
47.018   6.2418
47.519   6.2418
48.0199   6.2418
48.5208   6.2418
49.0217   6.2418
49.5226   6.2418
50.0235   6.2418
50.5244   6.2418
51.0254   6.2418
51.5263   6.2418
52.0272   6.2418
52.5281   6.2418
53.029   6.2418
53.5299   6.2418
54.0308   6.2418
54.5318   6.2418
55.0327   6.2418
55.5336   6.2418
56.0345   6.2418
56.5354   6.2418
57.0363   6.2418
57.5372   6.2418
58.0381   6.2418
58.5391   6.2418
59.04   6.2418
59.5409   6.2418
60.0418   6.2418
60.5427   6.2418
61.0436   6.2418
61.5445   6.2418
62.0455   6.2418
62.5464   6.2418
63.0473   6.2418
63.5482   6.2418
64.0491   6.2418
64.55   6.2418
65.0509   6.2418
65.5519   6.2418
66.0528   6.2418
66.5537   6.2418
67.0546   6.2418
67.5555   6.2418
68.0564   6.2418
68.5573   6.2418
69.0582   6.2418
69.5592   6.2418
70.0601   6.2418
70.561   6.2418
71.0619   6.2418
71.5628   6.2418
72.0637   6.2418
72.5646   6.2418
73.0656   6.2418
73.5665   6.2418
74.0674   6.2418
74.5683   6.2418
75.0692   6.2418
75.5701   6.2418
76.071   6.2418
76.572   6.2418
77.0729   6.2418
77.5738   6.2418
78.0747   6.2418
78.5756   6.2418
79.0765   6.2418
79.5774   6.2418
80.0784   6.2418
80.5793   6.2418
81.0802   6.2418
81.5811   6.2418
82.082   6.2418
82.5829   6.2418
83.0838   6.2418
83.5847   6.2418
84.0857   6.2418
84.5866   6.2418
85.0875   6.2418
85.5884   6.2418
86.0893   6.2418
86.5902   6.2418
87.0911   6.2418
87.5921   6.2418
88.093   6.2418
88.5939   6.2418
89.0948   6.2418
89.5957   6.2418
90.0966   6.2418
90.5975   6.2418
91.0985   6.2418
91.5994   6.2418
92.1003   6.2418
92.6012   6.2418
93.1021   6.2418
93.603   6.2418
94.1039   6.2418
94.6048   6.2418
95.1058   6.2418
95.6067   6.2418
96.1076   6.2418
96.6085   6.2418
97.1094   6.2418
97.6103   6.2418
98.1112   6.2418
98.6122   6.2418
99.1131   6.2418
99.614   6.2418
100.115   6.2418
100.616   6.2418
101.117   6.2418
101.618   6.2418
102.119   6.2418
102.619   6.2418
103.12   6.2418
103.621   6.2418
104.122   6.2418
104.623   6.2418
105.124   6.2418
105.625   6.2418
106.126   6.2418
106.627   6.2418
107.128   6.2418
107.629   6.2418
108.13   6.2418
108.63   6.2418
109.131   6.2418
109.632   6.2418
110.133   6.2418
110.634   6.2418
111.135   6.2418
111.636   6.2418
112.137   6.2418
112.638   6.2418
113.139   6.2418
113.64   6.2418
114.14   6.2418
114.641   6.2418
115.142   6.2418
115.643   6.2418
116.144   6.2418
116.645   6.2418
117.146   6.2418
117.647   6.2418
118.148   6.2418
118.649   6.2418
119.15   6.2418
119.651   6.2418
120.151   6.2418
120.652   6.2418
121.153   6.2418
121.654   6.2418
122.155   6.2418
122.656   6.2418
123.157   6.2418
123.658   6.2418
124.159   6.2418
124.66   6.2418
125.161   6.2418
125.661   6.2418
126.162   6.2418
126.663   6.2418
127.164   6.2418
127.665   6.2418
128.166   6.2418
128.667   6.2418
129.168   6.2418
129.669   6.2418
130.17   6.2418
130.671   6.2418
131.172   6.2418
131.672   6.2418
132.173   6.2418
132.674   6.2418
133.175   6.2418
133.676   6.2418
134.177   6.2418
134.678   6.2418
135.179   6.2418
135.68   6.2418
136.181   6.2418
136.682   6.2418
137.183   6.2418
137.683   6.2418
138.184   6.2418
138.685   6.2418
139.186   6.2418
139.687   6.2418
140.188   6.2418
140.689   6.2418
141.19   6.2418
141.691   6.2418
142.192   6.2418
142.693   6.2418
143.193   6.2418
143.694   6.2418
144.195   6.2418
144.696   6.2418
145.197   6.2418
145.698   6.2418
146.199   6.2418
146.7   6.2418
147.201   6.2418
147.702   6.2418
148.203   6.2418
148.704   6.2418
149.204   6.2418
149.705   6.2418
150.206   6.2418
150.707   6.2418
151.208   6.2418
151.709   6.2418
152.21   6.2418
152.711   6.2418
153.212   6.2418
153.713   6.2418
154.214   6.2418
154.714   6.2418
155.215   6.2418
155.716   6.2418
156.217   6.2418
156.718   6.2418
157.219   6.2418
157.72   6.2418
158.221   6.2418
158.722   6.2418
159.223   6.2418
159.724   6.2418
160.225   6.2418
160.725   6.2418
161.226   6.2418
161.727   6.2418
162.228   6.2418
162.729   6.2418
163.23   6.2418
163.731   6.2418
164.232   6.2418
164.733   6.2418
165.234   6.2418
165.735   6.2418
166.236   6.2418
166.736   6.2418
167.237   6.2418
167.738   6.2418
168.239   6.2418
168.74   6.2418
169.241   6.2418
169.742   6.2418
170.243   6.2418
170.744   6.2418
171.245   6.2418
171.746   6.2418
172.246   6.2418
172.747   6.2418
173.248   6.2418
173.749   6.2418
174.25   6.2418
174.751   6.2418
175.252   6.2418
175.753   6.2418
176.254   6.2418
176.755   6.2418
177.256   6.2418
177.757   6.2418
178.257   6.2418
178.758   6.2418
179.259   6.2418
179.76   6.2418
180.261   6.2418
180.762   6.2418
181.263   6.2418
181.764   6.2418
182.265   6.2418
182.766   6.2418
183.267   6.2418
183.767   6.2418
184.268   6.2418
184.769   6.2418
185.27   6.2418
185.771   6.2418
186.272   6.2418
186.773   6.2418
187.274   6.2418
187.775   6.2418
188.276   6.2418
188.777   6.2418
189.278   6.2418
189.778   6.2418
190.279   6.2418
190.78   6.2418
191.281   6.2418
191.782   6.2418
192.283   6.2418
192.784   6.2418
193.285   6.2418
193.786   6.2418
194.287   6.2418
194.788   6.2418
195.288   6.2418
195.789   6.2418
196.29   6.2418
196.791   6.2418
197.292   6.2418
197.793   6.2418
198.294   6.2418
198.795   6.2418
199.296   6.2418
199.797   6.2418
200.298   6.2418
200.799   6.2418
201.299   6.2418
201.8   6.2418
202.301   6.2418
202.802   6.2418
203.303   6.2418
203.804   6.2418
204.305   6.2418
204.806   6.2418
205.307   6.2418
205.808   6.2418
206.309   6.2418
206.81   6.2418
207.31   6.2418
207.811   6.2418
208.312   6.2418
208.813   6.2418
209.314   6.2418
209.815   6.2418
210.316   6.2418
210.817   6.2418
211.318   6.2418
211.819   6.2418
212.32   6.2418
212.82   6.2418
213.321   6.2418
213.822   6.2418
214.323   6.2418
214.824   6.2418
215.325   6.2418
215.826   6.2418
216.327   6.2418
216.828   6.2418
217.329   6.2418
217.83   6.2418
218.331   6.2418
218.831   6.2418
219.332   6.2418
219.833   6.2418
220.334   6.2418
220.835   6.2418
221.336   6.2418
221.837   6.2418
222.338   6.2418
222.839   6.2418
223.34   6.2418
223.841   6.2418
224.341   6.2418
224.842   6.2418
225.343   6.2418
225.844   6.2418
226.345   6.2418
226.846   6.2418
227.347   6.2418
227.848   6.2418
228.349   6.2418
228.85   6.2418
229.351   6.2418
229.852   6.2418
230.352   6.2418
230.853   6.2418
231.354   6.2418
231.855   6.2418
232.356   6.2418
232.857   6.2418
233.358   6.2418
233.859   6.2418
234.36   6.2418
234.861   6.2418
235.362   6.2418
235.863   6.2418
236.363   6.2418
236.864   6.2418
237.365   6.2418
237.866   6.2418
238.367   6.2418
238.868   6.2418
239.369   6.2418
239.87   6.2418
240.371   6.2418
240.872   6.2418
241.373   6.2418
241.873   6.2418
242.374   6.2418
242.875   6.2418
243.376   6.2418
243.877   6.2418
244.378   6.2418
244.879   6.2418
245.38   6.2418
245.881   6.2418
246.382   6.2418
246.883   6.2418
247.384   6.2418
247.884   6.2418
248.385   6.2418
248.886   6.2418
249.387   6.2418
249.888   6.2418
250.389   6.2418
250.89   6.2418
251.391   6.2418
251.892   6.2418
252.393   6.2418
252.894   6.2418
253.394   6.2418
253.895   6.2418
254.396   6.2418
254.897   6.2418
255.398   6.2418
255.899   6.2418
256.4   6.2418
256.901   6.2418
257.402   6.2418
257.903   6.2418
258.404   6.2418
258.905   6.2418
259.405   6.2418
259.906   6.2418
260.407   6.2418
260.908   6.2418
261.409   6.2418
261.91   6.2418
262.411   6.2418
262.912   6.2418
263.413   6.2418
263.914   6.2418
264.415   6.2418
264.915   6.2418
265.416   6.2418
265.917   6.2418
266.418   6.2418
266.919   6.2418
267.42   6.2418
267.921   6.2418
268.422   6.2418
268.923   6.2418
269.424   6.2418
269.925   6.2418
270.426   6.2418
270.926   6.2418
271.427   6.2418
271.928   6.2418
272.429   6.2418
272.93   6.2418
273.431   6.2418
273.932   6.2418
274.433   6.2418
274.934   6.2418
275.435   6.2418
275.936   6.2418
276.437   6.2418
276.937   6.2418
277.438   6.2418
277.939   6.2418
278.44   6.2418
278.941   6.2418
279.442   6.2418
279.943   6.2418
280.444   6.2418
280.945   6.2418
281.446   6.2418
281.947   6.2418
282.447   6.2418
282.948   6.2418
283.449   6.2418
283.95   6.2418
284.451   6.2418
284.952   6.2418
285.453   6.2418
285.954   6.2418
286.455   6.2418
286.956   6.2418
287.457   6.2418
287.958   6.2418
288.458   6.2418
288.959   6.2418
289.46   6.2418
289.961   6.2418
290.462   6.2418
290.963   6.2418
291.464   6.2418
291.965   6.2418
292.466   6.2418
292.967   6.2418
293.468   6.2418
293.968   6.2418
294.469   6.24181
294.97   6.24185
295.471   6.24197
295.972   6.24224
296.473   6.24273
296.974   6.24354
297.475   6.24477
297.976   6.24653
298.477   6.24891
298.978   6.25199
299.478   6.25585
299.979   6.26052
300.48   6.26609
300.981   6.27261
301.482   6.2802
301.983   6.28898
302.484   6.29907
302.984   6.31062
303.485   6.32377
303.986   6.33864
304.486   6.35533
304.987   6.37393
305.488   6.39448
305.988   6.41699
306.488   6.44149
306.989   6.46798
307.489   6.49643
307.989   6.5269
308.489   6.55948
308.988   6.59425
309.488   6.63128
309.987   6.6706
310.486   6.71224
310.985   6.75617
311.484   6.80236
311.983   6.85076
312.481   6.90132
312.979   6.95403
313.477   7.00887
313.975   7.06586
314.473   7.12503
314.97   7.1864
315.467   7.24998
315.963   7.31578
316.46   7.38379
316.956   7.45397
317.451   7.52628
317.947   7.60067
318.442   7.67712
318.937   7.75563
319.431   7.83622
319.925   7.91892
320.419   8.00375
320.912   8.09075
321.405   8.17994
321.898   8.27129
322.39   8.36477
322.882   8.46037
323.373   8.55807
323.864   8.65782
324.354   8.75964
324.844   8.86353
325.334   8.9695
325.823   9.07761
326.312   9.18786
326.8   9.30029
327.288   9.41491
327.775   9.53169
328.261   9.65061
328.747   9.77163
329.233   9.89469
329.718   10.0198
330.203   10.1469
330.687   10.276
331.17   10.4072
331.653   10.5405
332.135   10.6759
332.617   10.8134
333.098   10.953
333.579   11.0948
334.059   11.2386
334.538   11.3845
335.016   11.5324
335.494   11.6823
335.972   11.8341
336.449   11.9879
336.925   12.1437
337.4   12.3015
337.875   12.4615
338.349   12.6236
338.822   12.7878
339.295   12.9542
339.766   13.1226
340.238   13.293
340.708   13.4654
341.178   13.6397
341.646   13.8161
342.115   13.9944
342.582   14.1748
343.048   14.3573
343.514   14.5418
343.979   14.7284
344.443   14.917
344.906   15.1076
345.369   15.3002
345.831   15.4947
346.291   15.6911
346.751   15.8895
347.211   16.0897
347.669   16.292
348.126   16.4962
348.583   16.7025
349.038   16.9107
349.493   17.121
349.947   17.3332
350.4   17.5474
350.852   17.7635
351.303   17.9814
351.753   18.2013
352.202   18.423
352.65   18.6467
353.098   18.8723
353.544   19.0999
353.989   19.3295
354.433   19.561
354.877   19.7946
355.319   20.0301
355.76   20.2674
356.2   20.5066