0.471847   2.7418
1.03953   2.7418
1.67306   2.7418
2.29221   2.7418
3.00824   2.7418
3.54097   2.7418
4.11847   2.7418
4.74101   2.7418
5.41091   2.7418
6.1284   2.7418
6.89157   2.7418
7.69729   2.7418
8.54227   2.7418
9.42254   2.7418
10.3306   2.7418
11.2587   2.7418
12.2027   2.7418
13.1594   2.7418
14.1263   2.7418
15.1014   2.7418
16.0828   2.7418
17.0688   2.7418
18.0575   2.7418
19.047   2.7418
20.0367   2.7418
21.0267   2.7418
22.017   2.7418
23.0078   2.7418
23.999   2.7418
24.9909   2.7418
25.9838   2.7418
26.9782   2.7418
27.9749   2.7418
28.9754   2.7418
29.4774   2.7418
29.9802   2.7418
30.483   2.7418
30.9856   2.7418
31.488   2.7418
31.9899   2.7418
32.4915   2.7418
32.9928   2.7418
33.4938   2.7418
33.9945   2.7418
34.4952   2.7418
34.9959   2.7418
35.4968   2.7418
35.9977   2.7418
36.4987   2.7418
36.9997   2.7418
37.5007   2.7418
38.0017   2.7418
38.5026   2.7418
39.0035   2.7418
39.5044   2.7418
40.0053   2.7418
40.5062   2.7418
41.0071   2.7418
41.508   2.7418
42.0089   2.7418
42.5098   2.7418
43.0107   2.7418
43.5117   2.7418
44.0126   2.7418
44.5135   2.7418
45.0144   2.7418
45.5153   2.7418
46.0162   2.7418
46.5171   2.7418
47.018   2.7418
47.519   2.7418
48.0199   2.7418
48.5208   2.7418
49.0217   2.7418
49.5226   2.7418
50.0235   2.7418
50.5244   2.7418
51.0254   2.7418
51.5263   2.7418
52.0272   2.7418
52.5281   2.7418
53.029   2.7418
53.5299   2.7418
54.0308   2.7418
54.5318   2.7418
55.0327   2.7418
55.5336   2.7418
56.0345   2.7418
56.5354   2.7418
57.0363   2.7418
57.5372   2.7418
58.0381   2.7418
58.5391   2.7418
59.04   2.7418
59.5409   2.7418
60.0418   2.7418
60.5427   2.7418
61.0436   2.7418
61.5445   2.7418
62.0455   2.7418
62.5464   2.7418
63.0473   2.7418
63.5482   2.7418
64.0491   2.7418
64.55   2.7418
65.0509   2.7418
65.5519   2.7418
66.0528   2.7418
66.5537   2.7418
67.0546   2.7418
67.5555   2.7418
68.0564   2.7418
68.5573   2.7418
69.0582   2.7418
69.5592   2.7418
70.0601   2.7418
70.561   2.7418
71.0619   2.7418
71.5628   2.7418
72.0637   2.7418
72.5646   2.7418
73.0656   2.7418
73.5665   2.7418
74.0674   2.7418
74.5683   2.7418
75.0692   2.7418
75.5701   2.7418
76.071   2.7418
76.572   2.7418
77.0729   2.7418
77.5738   2.7418
78.0747   2.7418
78.5756   2.7418
79.0765   2.7418
79.5774   2.7418
80.0784   2.7418
80.5793   2.7418
81.0802   2.7418
81.5811   2.7418
82.082   2.7418
82.5829   2.7418
83.0838   2.7418
83.5847   2.7418
84.0857   2.7418
84.5866   2.7418
85.0875   2.7418
85.5884   2.7418
86.0893   2.7418
86.5902   2.7418
87.0911   2.7418
87.5921   2.7418
88.093   2.7418
88.5939   2.7418
89.0948   2.7418
89.5957   2.7418
90.0966   2.7418
90.5975   2.7418
91.0985   2.7418
91.5994   2.7418
92.1003   2.7418
92.6012   2.7418
93.1021   2.7418
93.603   2.7418
94.1039   2.7418
94.6048   2.7418
95.1058   2.7418
95.6067   2.7418
96.1076   2.7418
96.6085   2.7418
97.1094   2.7418
97.6103   2.7418
98.1112   2.7418
98.6122   2.7418
99.1131   2.7418
99.614   2.7418
100.115   2.7418
100.616   2.7418
101.117   2.7418
101.618   2.7418
102.119   2.7418
102.619   2.7418
103.12   2.7418
103.621   2.7418
104.122   2.7418
104.623   2.7418
105.124   2.7418
105.625   2.7418
106.126   2.7418
106.627   2.7418
107.128   2.7418
107.629   2.7418
108.13   2.7418
108.63   2.7418
109.131   2.7418
109.632   2.7418
110.133   2.7418
110.634   2.7418
111.135   2.7418
111.636   2.7418
112.137   2.7418
112.638   2.7418
113.139   2.7418
113.64   2.7418
114.14   2.7418
114.641   2.7418
115.142   2.7418
115.643   2.7418
116.144   2.7418
116.645   2.7418
117.146   2.7418
117.647   2.7418
118.148   2.7418
118.649   2.7418
119.15   2.7418
119.651   2.7418
120.151   2.7418
120.652   2.7418
121.153   2.7418
121.654   2.7418
122.155   2.7418
122.656   2.7418
123.157   2.7418
123.658   2.7418
124.159   2.7418
124.66   2.7418
125.161   2.7418
125.661   2.7418
126.162   2.7418
126.663   2.7418
127.164   2.7418
127.665   2.7418
128.166   2.7418
128.667   2.7418
129.168   2.7418
129.669   2.7418
130.17   2.7418
130.671   2.7418
131.172   2.7418
131.672   2.7418
132.173   2.7418
132.674   2.7418
133.175   2.7418
133.676   2.7418
134.177   2.7418
134.678   2.7418
135.179   2.7418
135.68   2.7418
136.181   2.7418
136.682   2.7418
137.183   2.7418
137.683   2.7418
138.184   2.7418
138.685   2.7418
139.186   2.7418
139.687   2.7418
140.188   2.7418
140.689   2.7418
141.19   2.7418
141.691   2.7418
142.192   2.7418
142.693   2.7418
143.193   2.7418
143.694   2.7418
144.195   2.7418
144.696   2.7418
145.197   2.7418
145.698   2.7418
146.199   2.7418
146.7   2.7418
147.201   2.7418
147.702   2.7418
148.203   2.7418
148.704   2.7418
149.204   2.7418
149.705   2.7418
150.206   2.7418
150.707   2.7418
151.208   2.7418
151.709   2.7418
152.21   2.7418
152.711   2.7418
153.212   2.7418
153.713   2.7418
154.214   2.7418
154.714   2.7418
155.215   2.7418
155.716   2.7418
156.217   2.7418
156.718   2.7418
157.219   2.7418
157.72   2.7418
158.221   2.7418
158.722   2.7418
159.223   2.7418
159.724   2.7418
160.225   2.7418
160.725   2.7418
161.226   2.7418
161.727   2.7418
162.228   2.7418
162.729   2.7418
163.23   2.7418
163.731   2.7418
164.232   2.7418
164.733   2.7418
165.234   2.7418
165.735   2.7418
166.236   2.7418
166.736   2.7418
167.237   2.7418
167.738   2.7418
168.239   2.7418
168.74   2.7418
169.241   2.7418
169.742   2.7418
170.243   2.7418
170.744   2.7418
171.245   2.7418
171.746   2.7418
172.246   2.7418
172.747   2.7418
173.248   2.7418
173.749   2.7418
174.25   2.7418
174.751   2.7418
175.252   2.7418
175.753   2.7418
176.254   2.7418
176.755   2.7418
177.256   2.7418
177.757   2.7418
178.257   2.7418
178.758   2.7418
179.259   2.7418
179.76   2.7418
180.261   2.7418
180.762   2.7418
181.263   2.7418
181.764   2.7418
182.265   2.7418
182.766   2.7418
183.267   2.7418
183.767   2.7418
184.268   2.7418
184.769   2.7418
185.27   2.7418
185.771   2.7418
186.272   2.7418
186.773   2.7418
187.274   2.7418
187.775   2.7418
188.276   2.7418
188.777   2.7418
189.278   2.7418
189.778   2.7418
190.279   2.7418
190.78   2.7418
191.281   2.7418
191.782   2.7418
192.283   2.7418
192.784   2.7418
193.285   2.7418
193.786   2.7418
194.287   2.7418
194.788   2.7418
195.288   2.7418
195.789   2.7418
196.29   2.7418
196.791   2.7418
197.292   2.7418
197.793   2.7418
198.294   2.7418
198.795   2.7418
199.296   2.7418
199.797   2.7418
200.298   2.7418
200.799   2.7418
201.299   2.7418
201.8   2.7418
202.301   2.7418
202.802   2.7418
203.303   2.7418
203.804   2.7418
204.305   2.7418
204.806   2.7418
205.307   2.7418
205.808   2.7418
206.309   2.7418
206.81   2.7418
207.31   2.7418
207.811   2.7418
208.312   2.7418
208.813   2.7418
209.314   2.7418
209.815   2.7418
210.316   2.7418
210.817   2.7418
211.318   2.7418
211.819   2.7418
212.32   2.7418
212.82   2.7418
213.321   2.7418
213.822   2.7418
214.323   2.7418
214.824   2.7418
215.325   2.7418
215.826   2.7418
216.327   2.7418
216.828   2.7418
217.329   2.7418
217.83   2.7418
218.331   2.7418
218.831   2.7418
219.332   2.7418
219.833   2.7418
220.334   2.7418
220.835   2.7418
221.336   2.7418
221.837   2.7418
222.338   2.7418
222.839   2.7418
223.34   2.7418
223.841   2.7418
224.341   2.7418
224.842   2.7418
225.343   2.7418
225.844   2.7418
226.345   2.7418
226.846   2.7418
227.347   2.7418
227.848   2.7418
228.349   2.7418
228.85   2.7418
229.351   2.7418
229.852   2.7418
230.352   2.7418
230.853   2.7418
231.354   2.7418
231.855   2.7418
232.356   2.7418
232.857   2.7418
233.358   2.7418
233.859   2.7418
234.36   2.7418
234.861   2.7418
235.362   2.7418
235.863   2.7418
236.363   2.7418
236.864   2.7418
237.365   2.7418
237.866   2.7418
238.367   2.7418
238.868   2.7418
239.369   2.7418
239.87   2.7418
240.371   2.7418
240.872   2.7418
241.373   2.7418
241.873   2.7418
242.374   2.7418
242.875   2.7418
243.376   2.7418
243.877   2.7418
244.378   2.7418
244.879   2.7418
245.38   2.7418
245.881   2.7418
246.382   2.7418
246.883   2.7418
247.384   2.7418
247.884   2.7418
248.385   2.7418
248.886   2.7418
249.387   2.7418
249.888   2.7418
250.389   2.7418
250.89   2.7418
251.391   2.7418
251.892   2.7418
252.393   2.7418
252.894   2.7418
253.394   2.7418
253.895   2.7418
254.396   2.7418
254.897   2.7418
255.398   2.7418
255.899   2.7418
256.4   2.7418
256.901   2.7418
257.402   2.7418
257.903   2.7418
258.404   2.7418
258.905   2.7418
259.405   2.7418
259.906   2.7418
260.407   2.7418
260.908   2.7418
261.409   2.7418
261.91   2.7418
262.411   2.7418
262.912   2.7418
263.413   2.7418
263.914   2.7418
264.415   2.7418
264.915   2.7418
265.416   2.7418
265.917   2.7418
266.418   2.7418
266.919   2.7418
267.42   2.7418
267.921   2.7418
268.422   2.7418
268.923   2.7418
269.424   2.7418
269.925   2.7418
270.426   2.7418
270.926   2.7418
271.427   2.7418
271.928   2.7418
272.429   2.7418
272.93   2.7418
273.431   2.7418
273.932   2.7418
274.433   2.7418
274.934   2.7418
275.435   2.7418
275.936   2.7418
276.437   2.7418
276.937   2.7418
277.438   2.7418
277.939   2.7418
278.44   2.7418
278.941   2.7418
279.442   2.7418
279.943   2.7418
280.444   2.7418
280.945   2.7418
281.446   2.7418
281.947   2.7418
282.447   2.7418
282.948   2.7418
283.449   2.7418
283.95   2.7418
284.451   2.7418
284.952   2.7418
285.453   2.7418
285.954   2.7418
286.455   2.7418
286.956   2.7418
287.457   2.7418
287.958   2.7418
288.458   2.7418
288.959   2.7418
289.46   2.7418
289.961   2.7418
290.462   2.7418
290.963   2.7418
291.464   2.7418
291.965   2.7418
292.466   2.7418
292.967   2.7418
293.468   2.7418
293.968   2.7418
294.469   2.74181
294.97   2.74185
295.471   2.74197
295.972   2.74224
296.473   2.74273
296.974   2.74354
297.475   2.74477
297.976   2.74653
298.477   2.74891
298.978   2.75199
299.478   2.75585
299.979   2.76052
300.48   2.76609
300.981   2.77261
301.482   2.7802
301.983   2.78898
